5.971022039999298
5.920367728998826
8.06999999099935
5.85157045699998
5.732361119999041
8.893443750001097
9.122114845000397
8.78658129300129
9.475282723000419
9.053684307000367
10.395522153999991
10.335716789000799
10.788750370000344
9.899775493000561
10.219313345000046
12.894993725001768
12.650481311000476
12.548249166999085
12.202662673000304
12.276088488999449
13.99314927100022
13.80935098700138
13.680485364999186
14.323794750998786
13.905271323001216
23.043783228000393
21.002515496998967
20.035511588999725
20.01870486899861
20.453404477999356
24.897174801999427
25.342552950000027
24.068882712999766
22.16837227600081
22.603523750000022
