4.612385696999809
4.506766073000108
4.07477426100013
5.691567229999237
5.186690649999946
6.973732509000001
5.485473837000427
7.053973217999555
5.329269561999354
6.8062092739992295
6.1435392040002625
7.654377905999354
7.658257230000345
7.024581005999607
6.168923163999352
9.320149627999854
9.845043170999816
9.186228472999574
10.099314184999457
9.630188619000364
8.260840513999938
10.750144845999785
10.672543596999276
10.653837126000326
9.965277710999544
13.632240305999403
13.681838700999833
14.578123100999619
14.694083156000488
14.290414295000119
15.456426694999209
15.707609414999752
17.032952055999885
16.944936130001224
15.521386896998592
