4.2482673720001
3.6927198440000666
2.838148462999925
2.6465144500000406
4.550665197999933
4.870192031999977
3.6260059939997973
3.1417242109998824
3.465805658999898
3.553115951999871
5.112285291000035
3.220795819000159
3.720214548000058
3.395934097999998
3.3966727150000224
6.172655989999839
4.496860745000049
6.50545543599992
4.896616398999868
4.734218860000055
5.124892498999998
4.802321895999739
5.062363327000185
7.024055836999651
5.304739256000175
7.85524108699974
7.315773953999724
8.015685141999711
9.601844142000118
9.62928510599977
8.433180447999803
9.753536346000146
9.671492811000007
10.285397145999923
10.146233632000076