10.54395741899998
8.494728124000062
9.65943823400005
7.104098477999969
9.056018535000021
8.9098419070001
7.49671329399996
10.160547899999983
9.565398036000033
7.3841062459999876
11.53919172399992
14.142441081000015
12.91485104100002
12.162334033999969
13.107237105999957
13.881371751000074
12.794304422999971
13.995843895999997
14.010210394000069
13.297344683999995
13.252062441000021
13.591718445000083
13.054825211000093
13.624201015999915
14.717163980999999
13.292779687999996
13.532519738000019
12.89355621300001
14.99195923000002
13.94955329000004
19.515425635000042
17.375250493000067
17.004362303999983
18.42618496600005
17.060450677000063
16.771203806999893
19.210086665999825
17.0435964950002
18.02935163899997
17.880376879999858
21.169931457000075
23.487815272000034
18.037630491000073
20.66354844400007
19.61377801200001
21.333489892999978
19.723519160000023
21.35145472699992
21.180599232000077
22.756885239999974
55.21301231799998
53.69139925399986
54.155881980000004
56.963816811000015
53.42506760800006
55.08777309800007
53.92266942499987
56.346162069
49.84156737499984
56.46108977099993
77.67353890899994
87.76571283800013
89.38385974799985
87.46221099800005
86.9608479640001
90.20834432999982
89.79241295199972
83.44289925199973
89.82489991500006
96.24705298500021
162.03441769499977
162.80683679699996
155.17970302699996
158.88016418300003
157.38849245000029
156.60555551900006
168.51047952700037
166.22064935400022
151.12582661100032
153.9530808440004
791.2536795300002
911.6667888170005
835.6249150470003
879.3108529040001
788.9089482090012
848.0453256439996
803.070254313001
802.1596938139992
780.945409811
880.8456369329997
