32.99156514599963
35.73912957900029
33.020638341999074
29.027078582001195
31.672039905999554
64.81387499800076
56.32955429999856
56.65545700399889
52.97549326800072
56.18438191500172
96.84493969800133
93.40513599100086
93.14251006700033
91.89216260899957
93.97281458699945
144.7729556659997
152.55732665400137
140.16831153800013
150.65280113799963
132.37623485099903
211.4213139759995
192.46386201899986
215.08897576699928
196.22987729899978
215.60867430600047
284.53190526100116
313.7458600159989
299.52299663099984
262.27695084399966
296.57654228299907
413.8979755620003
392.2901675360008
526.5725894770003
420.47411628699956
451.76014717900034
