13.599211405000005
12.305875388000004
14.857766628000036
13.045149164999884
14.131503516000066
22.069186918000014
24.13740898900005
25.358370597999965
24.473409728999968
23.849390561999826
40.677248813999995
37.918654435000235
35.62997049099977
36.675242230000094
36.70091021300004
54.59390534699969
52.90124168700004
53.51378907499975
53.56924630499998
57.7813182230002
72.23352403600029
73.35874353300005
72.50947090699992
69.087660315
67.13565255199956
93.68589017199974
95.6065571109998
97.27928480399987
104.00269841199997
92.41125268299993
125.95038417900014
126.03091457900018
120.83670982500007
130.98195749600018
133.43196293099982