21.84547344099974
22.419027038999957
23.721290522000345
24.279322374999538
24.001259484000002
40.85310263999963
39.448801407000246
40.324201967999215
40.58399997500055
40.38965077000012
62.833508068999436
65.59856501500053
60.29354128599971
57.902527318000466
61.79515400999935
91.34617958099989
95.97080942999946
95.07356336500015
105.29227322299994
94.66451606400005
127.28194384899962
141.59987507799997
138.2366867720002
136.93401510700005
138.62237404499956
194.73912753100012
185.2013454709995
181.44810474099995
213.6904750470003
208.88531529699958
228.8754838519999
241.52301794800042
250.58087791700018
272.36049826399994
253.55895466199945
